0   0.9   0   0.9   0.97819   0.00376895   0.00376895 
0   0.9   0.9   1.2   0.971335   0.00739189   0.00739189 
0   0.9   1.2   2.1   0.974178   0.0049716   0.0049716 
0   0.9   2.1   2.4   0.989692   0.0112379   0.0112379 
0.9   1.2   0   0.9   0.989149   0.00538124   0.00538124 
0.9   1.2   0.9   1.2   0.982834   0.0113676   0.0113676 
0.9   1.2   1.2   2.1   0.987949   0.00871935   0.00871935 
0.9   1.2   2.1   2.4   0.993523   0.0151673   0.0151673 
1.2   2.1   0   0.9   0.990586   0.00482365   0.00482365 
1.2   2.1   0.9   1.2   0.978561   0.00981024   0.00981024 
1.2   2.1   1.2   2.1   0.978151   0.00643912   0.00643912 
1.2   2.1   2.1   2.4   0.985751   0.00963997   0.00963997 
2.1   2.4   0   0.9   0.974306   0.0192462   0.0192462 
2.1   2.4   0.9   1.2   1.00595   0.0214225   0.0214225 
2.1   2.4   1.2   2.1   0.98812   0.0113588   0.0113588 
2.1   2.4   2.1   2.4   1.00815   0.018645   0.018645 
